3226
21388
19548
4925
7206
21640
12040
24026
31469
14809
17062
32716
2350
5201
16
19611
21027
28881
29938
15949
16005
20669
10867
20862
20563
1709
24343
26547
19408
19301
6115
9196
29131
7944
19651
30072
12066
19080
13354
17677
25993
5473
29176
30744
12680
903
11680
15954
20931
12188
21386
23956
4990
5479
1462
28652
26720
24706
32675
18416
2423
4946
29039
28498
19325
6716
5695
29621
2138
7958
2529
30143
16873
12508
8624
11888
25087
5029
19640
24242
15274
19669
16155
23857
12726
16275
27828
13932
9846
28030
5881
4877
6337
12187
29222
22645
4666
31634
9624
14236
19156
2331
11126
7704
9622
27571
21399
15739
27292
29843
28064
7394
25183
28898
24173
26827
13878
6186
9395
29991
14876
16137
4323
9649
947
8745
13393
12413
29321
23921
19349
28372
3482
25469
10289
12351
23063
2380
23925
17378
3942
31289
13472
11275
19562
10285
11336
12299
12804
3090
1788
16453
1754
19083
11559
24708
18519
4322
26167
3218
19699
15938
11519
19206
23476
11558
9050
25181
23796
12561
26898
25676
2150
7296
23040
853
13396
25372
30580
26265
10794
11317
215
28653
9272
26988
32654
10287
22708
17839
18978
17883
13822
32875
17054
473
13352
2300
21561
11929
24502
28265
29749
17762
418
30542
10759
24039
2212
30233
25272
17436
6064
11641
5003
8263
23999
22804
28640
25946
6866
11897
13912
31104
30260
27221
22842
19702
2560
15849
1558
21276
18404
12475
20648
4556
6948
19084
1278
15082
27618
6539
25821
1084
26524
26824
21602
12668
13046
15083
14821
1196
26810
23846
5410
2218
2589
9832
4507
27140
17476
14036
6200
21005
12038
19313
9265
30769
26868
31267
24365
23941
13462
27098
18604
26274
31480
23305
27810
18356
22373
5210
28004
30414
4211
1952
25800
6273
8768
17164
24712
6828
15866
677
32232
29077
25253
30194
26777
11065
29464
3577
16604
19681
27977
26478
11499
12022
9931
9508
6548
19222
12949
20167
28199
12391
21509
1997
14226
4652
8997
12970
3787
9366
17964
21571
15982
15324
25672
19366
27560
24974
13722
12792
18003
21542
21634
30382
1122
9440
13342
3073
11392
26571
24589
14235
29684
10784
27001
23447
13256
8915
9556
19368
14634
20841
8161
664
29970
32521
26999
19445
20261
21973
8322
13831
8154
635
23754
24580
5595
5126
24568
30855
2734
3579
12118
32831
2708
24737
31446
9444
5041
15264
30038
18544
20590
28365
546
2187
20764
19781
23482
23111
2266
18105
6102
3597
4536
11016
11432
20440
31772
19475
23393
30624
11621
29133
9206
15898
4559
21649
9764
10654
9622
4537
5042
18280
6495
20076
6134
1284
5587
31927
22682
15876
25229
30431
29600
20980
29750
25846
7844
22160
9710
8365
19297
14900
8686
2921
30071
27283
15724
2713
32108
21420
19391
7750
13552
19194
11460
17899
32869
15083
6784
10120
12702
8852
31239
11506
32743
15779
13212
2925
16710
26773
22041
27004
18689
5417
2450
5880
3936
25364
5429
2912
1716
12534
31860
7792
16792
14733
30567
12021
20087
4392
19051
11231
27727
5983
16656
13208
31924
12546
20530
15764
22295
24143
9061
554
24904
33128
6551
5282
4410
26884
29936
25487
15367
29540
16893
4959
22067
23945
14862
26416
2357
4772
9436
11237
16947
4046
32111
22905
7694
12281
24127
24212
22174
29734
30874
19036
5439
7129
6981
18574
20108
8650
3174
9165
2922
28894
15009
16954
17225
25941
2434
20548
11174
28229
15643
3522
8404
25415
18670
28991
3069
25200
1549
5524
27236
19075
5247
9661
23020
9572
27622
15077
20190
5840
24415
24771
22247
9036
6314
13353
3424
25435
20107
20442
9426
30452
14959
31645
10682
19763
4435
20879
25225
5199
994
19901
28911
26060
2525
31730
6233
754
31936
14286
19897
13693
17827
13080
29829
10390
8798
13909
27906
19970
17904
20378
22466
9114
22562
25502
12907
27899
6247
21779
12731
13694
10247
13879
31945
11883
16252
14502
11662
15721
21276
20338
15011
20281
27385
14197
11852
17060
12806
23014
20150
32690
32891
15659
7037
3869
25978
30702
17521
17925
29682
23155
32154
23013
22212
16937
21626
28870
28708
19327
27281
33203
2114
22008
14631
6508
20266
3714
16965
22367
13801
29700
21253
14035
25330
2614
15115
30823
17856
11957
7508
16315
3516
17495
15919
14701
2144
10427
29320
23879
10909
10277
5228
8374
18810
25481
8394
11646
17919
23782
25207
28845
12369
7638
20085
5581
9758
11362
30069
16990
28731
16922
11930
9604
9100
31078
24448
12284
18725
25879
1405
2132
20910
17985
25639
3932
22540
21581
32022
2264
30526
19274
13547
15479
14212
13444
18832
8969
22215
7512
32194
29676
28725
12358
7629
9927
18220
25672
16791
15739
14681
13922
28640
27223
7201
8571
1736
26252
2367
18539
3474
3296
24239
1621
21415
3238
30155
22839
32990
18669
21941
23231
31482
14328
25844
15201
17525
22254
24162
29606
14460
1491
3397
8135
18490
24503
5308
14714
7513
25389
18013
9228
17862
32511
19484
16048
19637
22304
10606
28951
25830
21986
22447
26176
2086
23913
33217
27026
12312
11616
8951
6696
3125
20714
3377
26732
22802
10460
6728
4583
15585
26153
3244
3927
19771
2206
25419
10498
8733
13775
9397
9547
6704
31825
25982
17795
13389
22313
3556
1281
8768
1413
8882
20085
30924
2730
5477
7033
8432
27182
24460
12905
28265
29799
28021
30325
32632
14115
7173
32244
18917
26265
19944
25339
31044
21152
23531
33327
33399
15391
25765
7127
4212
7877
16221
2870
11849
17146
5672
2071
21085
11285
27474
9897
12024
14031
3583
2445
27653
31735
16914
31278
11799
19304
8014
23377
3755
21305
27579
10733
27053
18227
30028
32828
9277
7304
11966
20242
20658
11713
5059
16750
21471
23289
6240
32334
28566
31305
10132
15560
22123
11395
30010
24151
11450
27171
10032
33651
6892
23682
6585
20068
21749
22349
17184
18519
15137
1590
31391
7346
30737
8937
9854
7845
16384
18242
5503
19713
5452
12221
1914
18510
13873
33326
10565
28440
6103
27826
2006
5257
4751
12517
16044
1341
9049
28501
25963
20049
26283
18231
32966
31421
12397
7769
31393
15076
25928
9560
25975
10858
31008
27667
3834
10310
14047
6751
9722
29976
13685
8445
30600
3004
7709
30409
1883
26655
10209
13875
1907
12369
27744
12019
29435
29660
31183
16377
20596
30037
17982
3491
24336
12848
26652
26675
13148
7384
14334
30336
1826
15616
16284
30956
16526
10803
6684
14485
29839
5299
10644
30416
26752
20608
17866
28883
22280
5815
18494
19377
31807
28957
6506
31884
11538
33788
9032
33029
32232
10798
19733
31736
15494
6007
25685
2663
16687
29976
5911
25779
23312
11424
25466
8210
23516
21766
8304
9277
1716
30197
33730
10601
26185
5479
18772
21113
20036
17269
24491
14194
3046
6253
15788
29743
2539
22822
17830
3926
27573
13712
22931
19850
25510
21903
1179
17634
18638
10250
24026
17562
12230
10303
2147
25865
2779
3417
29829
21459
5487
6212
17997
12384
3741
29632
1355
3213
1820
23220
31129
26017
18022
30917
23066
10626
2841
14632
12288
7209
10909
30644
5009
12627
21511
18492
9770
11897
31293
18459
28036
10499
10587
11792
29750
13497
19286
3149
21371
22138
8160
30922
2614
3888
27531
4063
17715
4867
8752
1298
31920
32973
4242
13870
2844
11726
18751
29845
8478
22946
22711
30934
15065
24175
1232
13442
31343
12643
7001
30268
3011
18270
5118
5136
30084
12779
2411
4102
31591
2165
19893
27382
30131
29112
7669
6557
16899
24949
14646
20465
12615
24170
24209
5810
5901
25729
30358
24386
24063
14152
27630
2486
17836
14497
30527
4397
11659
6075
25168
21088
4412
27712
1646
8315
6674
4560
2574
7212
27087
22447
8627
33017
33454
22714
22546
23766
28839
4000
8564
26103
6126
31566
15965
25315
19645
26539
12651
22730
6227
11910
19584
29720
20285
33996
6436
24394
23764
10239
8228
31744
26631
32739
21631
12884
13658
2171
9603
19051
27183
6195
31796
33865
5444
22111
10221
25066
8318
30180
32330
22414
4069
2101
12868
22100
12783
31874
9886
25866
9473
7980
16257
15172
22067
11643
30563
4779
23892
20883
15149
8856
23086
6820
20892
31202
14090
17762
20967
10996
29815
26805
28067
32290
25160
23217
4580
7741
27100
25032
9126
29540
19874
1598
23403
8222
33243
6110
33829
21670
33442
15340
8533
27782
19242
5978
16501
2663
21064
26942
31124
9768
12337
10628
25408
16685
20868
32736
32168
13562
23435
9991
22786
20480
9662
4127
31531
13494
27784
23156
18573
12012
8526
29548
29766
29533
31662
29373
15239
32131
12292
1757
28729
32687
28467
1467
5863
6488
5026
30124
7128
18355
8068
8872
25467
17541
28765
5046
14857
18230
19393
29861
26213
23590
10591
18429
25671
17988
24127
30005
2457
7900
3400
1830
6945
10160
33029
11968
5217
33611
21161
24060
9915
18322
33360
3857
13273
7836
25735
3051
18252
27075
2319
18905
21363
6907
32478
11654
13727
14435
6503
19242
17780
15898
6939
30465
29587
21076
26928
14845
15222
32685
11425
32440
27802
27069
33910
2732
3812
12268
11589
6054
26174
29319
16889
8568
22913
11796
31186
15342
16535
24803
1965
34052
24033
12006
32390
1878
1750
30658
24379
8408
16365
4902
13202
16839
20413
10076
23166
6112
3427
19998
27038
31183
28197
31658
18439
9962
5717
23577
26179
12063
29047
6892
14233
5931
5542
18664
20623
3341
30259
21540
20142
16571
10640
18016
28037
13587
18028
15768
27889
7444
7200
21209
11419
6478
19018
25428
8385
27031
31671
28593
33850
26368
18567
34213
27572
23048
33675
26567
7745
33039
30450
26527
22290
23309
21541
9728
21633
2691
23279
11672
22613
25778
31713
7110
32066
33036
31221
19371
34224
23784
20337
14212
1982
26489
23054
33847
6789
2561
4698
27435
26785
32834
21083
30301
19438
5429
28533
17073
22159
6143
11149
15494
27957
7457
16751
2700
22173
24559
4205
6874
25691
22595
11081
1595
6359
22642
20054
15817
28309
18303
32985
14014
9401
19343
26037
2182
13514
30877
32584
12569
21942
22383
27280
29575
12310
22729
21906
34004
10164
2272
13564
31495
24138
5905
32009
12926
21389
34259
24997
7556
18026
5867
25042
12838
15248
18399
8778
27202
19758
29356
23397
2528
10238
26299
24126
8133
22914
3602
29969
29766
21390
29384
8936
23131
18694
14523
1655
5876
18409
24453
25668
21136
13454
24747
7179
18699
2606
32280
3424
11191
33955
21706
12182
27055
5999
1996
24800
21096
22016
5988
12470
18057
12595
14477
10618
27389
11798
16551
23900
4678
31218
31086
14971
20500
32649
28969
27212
27414
24988
6947
16448
8464
32432
21599
31649
28974
25106
8328
24765
24728
17945
13095
27975
27974
2987
6425
11258
8982
19202
5695
27519
1819
25008
2935
23697
19768
8673
30923
23391
3054
1761
28649
26674
25203
4830
2771
4943
17668
14830
15064
24607
25467
32340
33731
25485
24100
8703
30546
8624
15565
4435
34026
28330
23580
27436
29064
22224
17702
18976
3067
21003
9020
13061
29009
18045
19464
19635
30095
7784
3546
17675
33957
30028
14396
1849
4000
8272
4812
10037
23074
5603
13899
9872
15375
30883
31729
30317
11146
18814
30467
23246
8992
34071
11432
4881
14402
12395
32249
27578
30201
6324
30807
7538
20437
19086
32769
7504
16679
33880
2277
16984
27759
10205
20919
25665
20248
28467
21825
22396
23907
26852
26106
27249
6818
32588
10201
18444
33190
3906
23659
25464
20858
20987
13604
20778
4690
7722
8179
12578
26302
17516
16920
3693
32035
2788
5434
22511
13676
3106
23220
22111
20221
32074
22833
17299
13032
8050
6264
26366
11876
24651
3977
23415
12667
28164
30952
25147
26114
17003
16697
26422
13006
26966
17421
6782
32549
34369
19196
17185
19059
23864
33524
12064
27710
25336
23504
25787
4188
6225
34348
30959
17252
13518
33656
12094
9058
25752
31820
18094
2255
7576
20731
6164
15296
20444
6251
27026
2397
30012
33060
7007
19861
17469
18598
4550
17680
2613
15616
32882
15205
28848
31902
31464
27022
12819
26723
28245
6297
33151
31736
26762
23711
10744
32867
20549
31738
10439
19675
29362
22195
18204
2522
2609
25146
30456
10869
8794
3418
30538
4073
32062
8299
33625
2934
24048
28106
4449
12912
23621
26246
25729
14483
9687
26460
30164
17559
20560
20966
30943
29444
8421
17935
32555
31560
27936
4042
32562
11014
30947
7428
17024
11186
30122
4054
32530
18011
34576
16640
8194
6599
28821
18067
33126
30405
20638
21229
9077
22207
3261
32746
6379
8335
21299
23129
13487
12179
21939
16813
15027
20740
8553
28661
6172
11139
14395
15887
26276
17653
20303
30744
16188
6801
22221
22054
8181
32567
12006
27962
26912
13316
11797
11376
13748
28451
23716
14969
4849
17638
2419
18251
23363
10005
7157
9751
14441
28294
18299
17276
4310
8941
33717
19450
25688
29942
28277
5801
23543
7825
31415
10283
4384
7565
4319
25055
20483
31849
33857
12631
22841
7527
33254
21517
26282
15329
23693
33617
30638
6112
23025
7302
10354
32747
25930
6542
6302
11549
19222
28035
9524
9595
25113
6568
31163
6276
17827
3743
15518
27145
34065
11740
23247
24382
27798
32601
13999
8722
19260
28555
15922
3772
23077
10646
11326
32662
10519
25021
31061
2863
13368
9244
16244
26779
34581
31641
5435
28174
4329
34072
9293
23978
3613
17134
32506
29844
11019
17560
31004
28749
17415
30382
34878
32320
26272
12050
28420
18839
30755
18797
14279
6995
9569
26588
17023
16540
32690
11238
27110
11093
27450
31666
33754
33012
17003
10102
16643
2961
21195
33587
12215
16700
5880
18592
26138
21908
20969
21859
6026
2454
28534
6535
6458
11698
19995
18987
6684
2596
22009
11383
4613
8577
33053
3285
11276
33168
14597
13917
12339
5724
11616
32400
12361
13191
34838
14666
31758
18401
8840
10482
8345
28473
8217
16116
30455
22132
4589
16497
34325
9692
34801
9013
15327
26042
13083
14057
16810
4390
31987
28297
28623
19230
14418
24089
9369
27094
20329
16532
33378
19535
4870
6694
22776
11819
3859
19098
15942
28096
34911
9238
6704
30827
34722
23046
10686
20774
5563
23638
15741
25949
3387
29412
14114
9214
9511
11573
2673
2768
6394
31335
17757
7685
4586
32102
25457
32274
13676
29027
28782
4030
31994
12930
15926
27257
15124
16083
12776
33008
29061
17284
27725
14302
23783
2645
20851
24357
22889
23371
13207
16669
34000
9897
9544
15404
16828
2844
14026
6807
32813
3126
8889
7319
28485
3357
11758
26800
31824
25477
16039
22078
17153
5851
28385
18001
21246
8131
7689
32442
28320
15301
17876
15206
9971
10563
5740
27115
30981
24495
7628
17249
20573
6139
32365
14451
4809
14672
31010
25525
6493
32258
20032
30265
15032
25796
14851
21085
19081
16920
4141
18662
12882
34314
15088
11347
34668
2590
8462
11883
16972
31623
14143
15385
31492
13721
16595
19321
20236
8321
33688
20531
21571
26676
29438
18952
15665
8101
5753
8618
4751
9275
12071
18385
9737
21890
24755
19083
8770
29985
24953
21715
23577
17164
30187
19558
18731
10746
15155
33234
16280
4122
34074
9936
25355
8193
21288
32467
25332
7655
8460
32225
28184
7444
5695
18850
32588
10645
22757
20663
26493
14899
34804
27724
14580
32422
8343
16369
30680
24069
21205
19365
13301
14721
35182
25652
28603
18259
10501
34244
30858
6643
19076
13482
5165
10123
29885
24706
10148
26027
6477
32126
15142
19774
22726
18430
32614
23229
21005
26209
14358
24226
33024
23835
12201
12832
28764
35080
6238
9233
17118
5121
32378
12848
22441
6060
12244
25224
3560
25240
15511
20780
27572
5001
30020
17961
11320
32528
2550
26553
30995
4959
12010
23737
21245
11868
27198
29533
28078
6644
28409
8227
33532
8882
10572
26885
24899
31888
24600
4339
14601
27149
4015
6016
28130
22911
25055
24796
28306
27819
26413
6658
22642
7827
30046
11570
27157
31631
20284
23202
35114
8095
31126
18801
24484
28416
24969
9436
21529
15613
14334
6580
24936
21768
9844
18447
4511
6665
16640
32063
8220
12278
22929
18944
34546
25508
6265
18677
31630
17629
32297
10582
7834
9906
12860
20963
25377
31250
17336
12316
28916
13980
16016
34739
34381
17842
14957
22082
7347
9167
18093
7994
21789
11290
22444
13339
28506
16955
6467
19691
20656
20077
19087
34017
24004
16340
34548
3937
11193
35090
8289
14637
19612
19221
28373
35289
15104
8754
14626
6527
10469
18808
6897
28341
13791
34878
3078
30908
20596
7679
27845
31226
18117
8296
15349
30378
19057
32686
22981
31699
27574
9509
31756
21110
20441
24591
14293
29452
9928
5297
17435
19760
9215
25005
22993
14232
32424
12171
21798
7241
15622
24217
31750
13579
20243
34549
3556
27675
15464
32488
32951
13601
26974
7029
3906
29281
14195
24370
31897
14901
34031
2903
12513
4283
20423
18197
4951
27083
32705
20777
17812
34604
7129
28592
9231
34567
28387
4669
12259
13979
24435
23081
17874
32051
32506
32042
18058
29525
5169
13863
5160
31293
9403
14411
35067
26506
16902
22617
19338
6454
7538
24639
9176
34251
10165
16621
13798
7380
16254
5735
17786
2962
13144
12825
26399
14833
6865
8044
17005
5050
19164
22166
18826
29194
26997
4534
35313
14595
25731
30752
31346
32193
20482
5109
27258
18576
28513
17912
30357
18268
28201
11164
9777
33897
3040
11106
5797
30020
16173
7009
22386
30201
5181
13862
23496
33926
19044
20927
9548
20624
29960
3347
3096
29525
9147
26485
18435
25570
21927
30328
7971
31621
15407
11780
23953
7814
4307
28329
31340
23826
33364
20020
3617
8312
32025
20096
32233
14488
21202
30351
32915
23959
34139
33241
24707
31192
14563
6628
7931
20520
4429
19989
23705
21049
32470
15814
11041
15186
15865
10393
11389
17220
3728
22795
8962
32160
26171
7500
22261
14631
8709
16974
30030
29570
31557
17691
19387
13620
17347
11885
34280
27084
11548
19576
20478
34911
8040
16139
33386
8245
25369
35287
15071
7619
8742
8462
34462
23513
33898
9265
33269
21789
27463
15139
4357
35256
4238
18817
5577
27983
3235
27702
18260
28981
34780
30025
3674
32479
6955
23034
35570
30360
9213
18190
10138
34421
3937
20327
23932
28044
24685
26839
3568
32609
30173
11062
5441
31649
21246
34226
31412
3603
28619
24167
25030
35531
21589
20528
8374
15009
33640
31420
8259
19425
30827
6372
26807
15172
15496
20795
32804
18719
22285
29927
32238
20187
7442
8368
30601
34981
9309
29783
10884
10086
23938
21545
34759
16118
6478
26835
33817
25741
32102
20856
20965
4474
11308
15361
26685
7703
9186
22453
31519
26876
6418
22025
18679
32371
20525
28089
24934
21548
14962
5143
18754
27954
23057
24739
8158
31262
12689
20189
10635
18827
17007
21079
25438
7369
24328
28942
33844
13526
21432
22522
3828
11145
11076
7652
23060
27921
4725
10360
12383
26014
7942
26523
28405
14174
32193
23295
17555
3243
19428
5620
30228
23171
8137
13697
19512
10040
33990
31923
3749
10600
28243
35637
12331
21296
26218
25121
4172
7581
31540
11030
30204
10339
12257
30091
10149
33234
29911
24162
17518
11013
27408
21952
17085
11357
30397
30493
14330
20014
25904
10135
19863
18871
10744
28300
34637
34392
30542
15463
16040
14079
13744
5050
30661
27620
7883
18574
29531
27766
32670
18935
8696
28052
26077
10731
23693
30721
15507
22355
34349
4882
7180
15971
31506
34730
20722
17191
28897
20328
24246
19039
11310
33823
33073
17549
12099
25479
29068
28492
17949
15154
29277
16611
5048
20673
26386
12826
33933
6743
31379
23117
19032
23374
6435
4542
17694
31017
16775
3631
32111
7370
29035
11697
5097
29670
12545
25527
18941
9909
33259
31854
34806
21998
13659
10833
33846
13554
28025
4600
28611
5191
19973
18480
19459
28745
8253
30289
19908
22556
28161
6348
29055
16613
22581
35844
9438
6458
11367
23391
10619
12503
32177
34460
5355
18578
17633
12647
4603
24209
19416
28970
18233
35514
26672
11559
34487
32619
18722
17604
11019
33387
23718
28709
17818
29217
4059
3840
33303
11012
28330
22957
25414
24915
26278
10365
15622
17158
12599
17741
3982
30212
10488
31579
10231
18070
3677
22872
10747
6684
32665
22974
26364
31231
10175
25955
9799
19174
26919
25679
17051
33837
34579
20682
16613
31635
4754
32954
17486
6450
7845
6444
33655
34741
32673
24625
8963
13509
6612
24811
6487
13764
33643
5607
32669
25790
32147
3501
29711
18844
35039
15766
29042
9115
6378
30430
16352
9981
11069
12794
25291
17151
17779
9260
10303
33802
7835
21332
15719
26157
30685
7177
27731
11211
26721
24040
26360
35985
8300
16940
17273
20651
26572
20608
3493
11320
23415
17937
4544
28411
11887
25318
17542
23635
29160
8564
27757
16237
10413
35949
28715
4024
10688
9946
28280
14745
5696
6761
33557
24417
26256
8200
23821
9852
21174
22194
35387
25834
6657
31881
7180
17140
28143
15910
35206
9495
33869
4141
29321
29253
5280
18212
10325
35405
17604
24965
8013
32919
18643
14353
11771
28436
14921
34920
15699
30069
27237
3543
20028
14491
13266
7281
30796
30287
3974
29281
17875
33076
28907
13182
4380
14585
11580
17184
18159
21203
29234
28722
12890
34347
4065
10121
13746
29076
6620
8308
5332
19455
9120
14229
13488
13874
7216
27631
29705
16502
36092
12863
33142
30864
16391
4752
21165
5107
4425
17418
8448
35380
28499
15115
3880
13246
20273
23929
23618
16583
6036
20822
18455
7299
18225
6548
36000
4247
23140
29995
4298
15568
13337
13418
14454
14101
3564
30858
30148
26522
13199
4489
32657
30039
3436
28214
20798
22201
16012
21128
22451
23191
22968
18483
28580
15719
29150
32125
6419
7858
35254
34382
33815
27333
9892
13191
23259
36010
35553
29845
27881
31830
23254
30534
8105
32036
12744
31195
18468
8322
27066
33630
21006
24810
6799
30262
22532
26901
5232
12536
4370
23403
22893
12672
14200
11709
23143
28225
19630
27958
31533
23001
24229
32399
8677
17640
12880
11907
21934
4643
30563
9859
12419
28836
26971
6570
10338
4228
33214
15859
29614
34220
8100
26026
36051
19688
18550
19744
6440
10046
26102
28835
14105
16253
9599
32429
30597
19992
23694
14940
34405
12085
5762
25122
18095
7938
12192
28350
25978
4168
8538
15979
10338
20802
25553
32855
31534
29359
34968
29782
32944
9510
29371
21208
10989
32938
20480
28953
7806
27262
14188
30103
25910
36154
4361
12489
13317
5919
10983
28174
18460
12968
8033
20708
8018
28001
28833
4698
4039
33020
32103
13000
33479
12962
13061
29629
22257
15495
8367
11833
11672
30145
20465
22812
10089
11354
34433
21471
21582
26020
21815
18818
23187
30924
6234
16325
6472
14258
19741
9883
18918
6648
24681
31708
25909
7770
23261
22330
20332
22077
3604
29302
3994
20362
10022
33236
5702
20668
19057
28876
22354
6968
7321
22274
15142
10205
23757
14712
11018
4573
29772
27650
15570
9163
7976
9979
16833
15093
4682
9527
15528
29939
17079
24120
33614
23424
12818
12453
3860
33417
25697
4343
16601
19588
25364
4214
7196
18691
28995
20580
15712
24969
21815
13688
4053
18588
23340
28558
34356
24347
30037
10652
23275
33746
7457
30184
7034
33100
22973
19064
33565
36328
4058
8650
26795
4655
32432
5062
17342
10597
36418
31473
36116
4190
21220
31203
32309
30356
27131
29947
29782
25974
5125
21585
31358
12802
12249
8684
16103
11413
31535
22582
30631
33538
15458
29868
31375
35042
14709
8922
35924
23084
8277
4999
10988
35846
17501
21549
22331
24538
21791
15020
8687
11435
29282
14654
32681
29354
16743
11950
10333
19716
26481
34501
34299
13823
36227
16134
30287
20805
20844
9115
25638
12415
18433
22670
31666
17958
29866
33596
32303
31382
23072
10247
30919
5989
34932
4172
25267
31986
19540
19605
26276
22081
25482
9999
23393
16134
23237
6718
12209
4095
30876
8175
19835
17799
22992
27758
14380
13417
8913
27130
27225
33010
27268
34934
13990
35914
16964
13665
12262
19460
32551
4104
23683
16371
10370
11770
14624
31295
12207
33725
20094
28089
21773
17855
24220
30316
24137
21903
27939
20596
33244
3917
9984
28948
11221
35680
27987
30210
32729
10342
34696
7941
15464
29041
16579
34242
25441
13424
29826
34771
19401
23787
20094
5914
32968
26356
16850
25685
4596
32346
31582
6130
14547
7711
21358
36132
30618
17452
33431
17206
5435
36164
7650
31008
6815
19767
7725
10072
13616
30552
30413
19434
8859
27440
32632
15563
35284
31092
13667
29802
25946
13621
6055
35977
25276
25943
8937
23371
23388
10820
12346
26254
19059
11233
15164
8570
25685
25538
21382
10330
13047
22426
15690
28331
23470
22517
34101
4979
29241
5929
35735
20437
32002
11401
19140
13281
36513
22493
23738
9649
6306
6415
33796
22193
23432
28711
15326
9022
6161
22905
5017
4211
26044
23069
22849
23615
21129
12448
22398
21435
12288
32249
10936
25531
12660
31423
29054
6052
16265
35993
23593
31357
9460
20469
24508
36424
30850
27133
4111
19858
26716
14022
25901
27465
19081
10187
28666
17614
5812
26267
16921
14923
11568
4046
36108
24903
36665
6717
15517
17783
27773
15987
4221
11223
10715
29278
31020
35834
17770
19786
15384
13214
15293
26641
8969
18564
21093
36235
15036
7295
27576
20300
25806
34762
18385
21135
16605
15774
22232
26989
12521
20228
32900
19539
32000
20457
34013
34738
23066
21104
23111
29176
22594
11404
11452
15808
31734
15309
25177
31813
34513
7034
18716
9245
13159
32993
20972
28708
26737
12779
31961
10934
10026
18931
23206
14625
14584
16600
18308
31577
24655
26705
17185
21486
4306
21377
35297
27708
29372
23756
21355
35042
13695
15848
23144
33397
30123
28215
4487
13941
14864
15188
10693
33919
19495
20460
19947
11205
28590
7375
14168
7356
15763
22598
32768
4884
9747
34728
21941
35821
24099
18216
29350
27720
15375
17393
32549
27579
18273
7285
16557
5994
32772
6913
14883
33074
8361
32405
8540
28455
24682
17908
19936
8001
30637
12535
34029
29522
27724
27686
18111
6459
26867
6793
33039
33632
9161
12732
19162
17753
6226
23618
36195
10475
6292
22043
15995
36662
31096
30617
36864
29231
24180
25199
14500
6737
26727
34059
14831
23696
19396
26662
18312
29839
4595
31385
13232
20242
35316
20338
34063
22710
11334
33351
6579
9440
30215
13770
31574
33011
32604
24734
18655
18374
20755
23657
22828
35157
15751
27435
31503
23222
16580
9934
30358
25167
11244
36606
13200
29767
8154
10554
10572
21306
6916
26411
31652
26929
7846
18229
26938
36049
12061
25421
28418
9938
13200
25098
17665
19379
30934
32254
6228
7596
23444
5958
9843
35557
23974
33632
7607
15333
10945
36669
26394
17997
20566
26519
15679
30662
11449
23429
13490
19768
22914
11597
6512
27197
5428
25977
17834
9429
28700
23597
21958
31067
16508
27831
23975
31415
8681
34664
33582
4822
33778
5538
8704
10071
35842
25651
23690
30343
20104
34785
15939
16528
9044
28742
21297
4333
6468
7391
22703
15393
19745
10335
27501
26025
10180
7753
22200
8751
18301
20157
26876
35328
6325
5266
29063
20416
25041
16806
19343
12125
18010
9586
6775
18753
34139
25058
6990
15820
30475
33379
12185
7425
36268
35133
34130
32383
23987
26403
32816
21939
28969
4360
18473
22093
27217
10293
8502
31984
14731
26777
28758
36910
27256
20832
4565
11699
19551
15303
25806
14272
31184
21550
12271
14044
33671
10606
17276
33734
17042
18030
31894
19885
5559
35313
36286
20643
36368
12466
12437
20560
20216
17843
9445
10979
9515
27858
8421
6222
6440
15261
5817
27059
32986
5223
29497
23833
21624
14236
14835
22884
19114
32593
8819
9860
32749
31007
6850
30188
11576
21042
21292
20294
12768
18845
14150
13669
29881
7408
30768
6011
24702
8973
35864
25228
32626
35127
18175
18210
31304
26220
28864
34627
32320
6389
31822
24736
20116
8763
17469
26383
34066
29916
28804
25403
17930
26878
27009
35226
27498
19172
31805
7584
27432
14271
5106
21811
31968
15558
11466
36958
17087
27784
25578
14665
31135
24193
18607
24681
29811
19692
21303
26868
26342
17625
9252
22936
17215
7295
29084
9580
12168
9171
17812
33063
21999
17242
29007
6288
5228
32059
23073
14389
20388
33944
33657
16224
27918
24350
31263
28231
14420
17627
33977
25731
14332
12880
15764
25539
13639
24776
31137
10946
31577
6376
8382
31862
4507
4998
23351
10123
30046
23743
14477
8719
5825
27971
13174
36207
7380
28148
14116
13986
13565
22960
35274
26276
29083
29034
16477
5926
31722
13952
8088
24452
7463
24392
36418
11767
25332
31212
31923
8460
25341
12665
26005
5460
25052
26930
19432
15197
24890
8746
23112
18914
22839
24338
34675
8255
8460
31311
25606
27943
19183
8784
30087
11673
30520
28702
17064
6160
25281
19508
29898
18427
13458
5522
12993
15724
20158
16141
6359
34068
9864
22249
29203
7279
26570
11433
5819
26172
26520
35110
5143
17200
10784
11487
33144
8939
32724
34960
9849
8491
32204
25606
22149
33600
21861
26417
9625
10688
20271
14715
23115
19067
27910
11096
16652
34481
30590
7710
17578
12675
31365
7704
28697
23208
30019
25301
15730
29025
16709
10694
22076
5039
29915
7945
10475
24003
17598
18559
30630
19894
10486
10020
17485
36730
18683
33440
15803
17681
29467
4889
4680
7932
8987
32076
19346
22775
23585
21724
6014
28387
22994
6377
8825
7684
23735
24293
26372
34412
5605
8099
5743
32951
30173
23217
32484
31737
25265
33768
4776
30709
6504
28481
29854
28560
16036
12011
11789
18309
25218
6042
29090
5465
31682
24353
36793
21138
7720
35139
32728
20516
28705
5830
9084
32300
9130
10954
9753
23520
30318
6745
7772
9158
32046
6719
21683
34853
15974
32540
21263
5050
24622
17335
8681
33451
27998
18837
22147
10177
30197
34763
22128
12753
36540
7184
29782
25979
29734
29206
18931
7959
21627
29979
29534
12525
34101
32699
36751
29092
10155
32264
10786
36606
33004
30172
29272
30914
35054
26990
25439
30713
29928
18468
16851
18012
16636
25000
37508
14862
32025
36670
28282
22919
24864
34645
22582
27600
27717
36699
30267
22774
5049
32726
22221
28345
17542
20145
8441
23940
15546
5075
22229
33186
32711
15351
36105
19630
27178
23991
15246
25419
10315
25833
35766
17174
5284
34863
18285
34009
16678
15562
19902
36610
12248
7343
12441
19539
32450
29405
24531
15066
35593
25069
34158
26404
20315
22763
30491
10158
33165
19044
24829
11420
13187
22976
36272
14253
31569
29394
28554
36975
26271
32686
20256
34991
15698
12475
17164
9524
22377
35593
21742
16045
35364
12516
30641
12007
28780
6313
13072
24131
37487
9688
10328
17768
12427
22635
21615
14133
13677
34406
13077
34553
4986
21424
10090
24295
37229
23585
19888
23236
19010
17372
6739
15075
25684
8671
27174
17235
17346
30936
26608
6999
15382
12858
27431
16662
34089
20369
13307
26004
30529
17939
10391
17633
21117
14455
30627
20113
5491
33546
17421
12907
10007
19967
15881
9574
22495
6662
19798
29393
32292
31521
12483
11729
12748
30131
14067
5904
27430
12762
29789
35508
35093
30975
6806
35470
33393
12716
21715
14484
18090
19869
19882
21906
37294
24089
16920
6172
14093
17027
17864
28615
10331
9516
7314
34969
15063
14955
19779
8893
28745
30192
20892
37499
18225
10837
34717
31848
22045
18166
18435
8666
13915
10243
17935
20895
33232
11475
7305
20719
26664
34939
11269
20638
7984
32928
11877
17046
12927
36489
9119
9093
30300
5752
31680
36051
8668
10555
8753
8919
21579
33790
20025
13130
35277
16995
15556
6140
17221
30421
14179
12741
25974
7449
35987
36799
37737
6949
23874
5810
34830
17462
25487
15568
13093
37405
5842
11683
7519
35033
20700
27203
22465
30827
22656
14796
31306
37094
30034
32271
30165
31942
28846
16520
15681
30082
10236
35729
35278
34405
5171
25556
16074
29081
27292
30214
12398
27525
15065
19667
20995
8281
11813
8980
36680
14310
19421
9800
21784
19380
26432
15682
36168
33614
6771
10015
37327
19169
29383
34427
23337
22533
12863
11493
28157
28891
19021
14991
19453
10584
29661
26186
27661
35552
34964
33202
32168
23063
33114
36262
31616
28404
15894
29436
20837
21271
31416
13170
6504
6748
5501
9959
13376
10672
35438
6347
16621
24611
18475
22996
14235
22079
16870
6642
11208
10136
25266
7814
31145
31397
17918
10447
25290
15054
22876
8356
24054
14534
19336
22377
7766
9499
27813
30524
5596
6412
25545
29295
30435
8602
23996
34619
30991
32994
6397
11186
25979
6569
29446
30198
11795
14649
23249
21673
5182
13164
19611
11172
8897
34054
15080
10476
32480
28743
35015
26081
21701
18369
31063
10425
25382
23400
14474
23085
27171
15336
24873
33650
33133
18491
9241
26731
6573
14714
29916
37405
11556
8435
24410
23907
25486
35965
27362
25059
11597
17672
11884
17728
6595
23416
31265
20114
27904
30644
14877
19987
14493
7673
30323
11546
31719
24181
5233
14926
36673
8977
15654
34323
24259
36750
36130
25417
14375
10195
29053
24630
12262
12421
22043
19392
24990
32217
35117
6880
36791
9382
30715
16979
26182
16831
10466
22675
25905
19327
5784
37893
13717
8613
20664
31092
28260
20322
34170
20158
35923
13233
22721
9677
8435
33767
11356
37833
32029
23691
15749
26764
23188
21607
15278
31319
18662
17887
15486
22979
24979
17026
12566
33274
34673
25823
16536
22822
13647
29850
11242
5418
8153
37055
7863
22673
11964
21589
37303
7107
37130
10551
8753
13951
28895
15647
33470
7557
35397
19716
26959
10387
10581
15014
7793
29843
21407
8295
37328
13843
8396
22364
6138
36853
34434
9124
13670
17000
7048
31480
6837
17943
5675
6532
13879
10144
35296
22773
32433
14151
10282
32212
23390
24812
35006
28434
19763
16442
15590
35812
15719
17698
12835
37841
5427
31879
10262
21768
33495
20795
15776
5368
36829
22827
22857
26395
27809
33494
28894
26130
5393
14084
29790
33527
12978
17076
24600
24303
24548
7510
14861
25342
12390
24378
32411
35360
8988
31817
16477
37269
24848
5875
32589
33660
28088
32616
31531
20387
11383
13067
34083
26270
24421
28707
38058
35606
33619
12756
9129
19812
11530
10319
5597
25950
19412
33093
12157
24177
30014
38049
24350
18929
7707
18806
24277
27564
25804
18230
28827
38085
20671
18214
14837
8384
11062
6670
33492
18649
21834
13877
23481
16794
16175
24972
28446
22188
25785
19498
33298
30958
29471
12024
26659
29380
31744
17070
28288
14002
22947
8958
33375
31785
10371
29198
5789
7840
31243
20524
36004
29415
9374
31678
9362
34488
21722
11639
14488
32400
17438
34001
18335
34236
14409
6327
37682
33975
12485
32897
21656
37299
25797
26918
19776
20342
30410
35501
13923
11879
33132
37349
21476
17385
24919
21078
11899
11239
24724
21623
14610
10416
9994
37922
25967
29958
37956
33604
27668
31857
26228
9433
19299
28122
21176
21528
16902
23636
29341
35818
18574
25149
10978
17057
20058
31366
28542
11751
15803
33871
35043
33524
35669
9399
16005
34565
21705
31474
35478
33801
21137
23196
15124
30109
8491
32844
9222
33338
9593
29805
18179
38061
36968
36937
37875
10696
17872
22887
10010
9816
10907
10007
10322
18775
7722
17995
12183
36450
8948
36776
21193
37997
31344
9181
16558
23733
14390
16948
36151
30198
36961
28006
37636
26590
25911
21172
36393
29378
22540
10035
21555
30609
24931
28520
19814
7174
13399
25876
37705
32545
28985
28497
22629
37335
27515
24798
32073
26633
34508
28856
30417
38323
28549
8426
27048
27750
12868
34725
7948
11512
30422
11923
14033
33146
25179
31849
15017
21354
25764
23740
30370
21034
29920
6677
15088
15793
33144
7751
27373
18817
5943
36096
32094
11224
33710
27807
20984
11563
30423
20805
32803
19408
26616
15919
33533
18427
16842
12611
26274
11243
6619
36072
23211
9317
30513
21531
19956
15714
27696
27840
30627
22277
34750
23605
29029
26319
24996
12845
18171
22806
17975
38332
7926
9907
17721
10414
24766
29436
10234
13597
31705
17906
37570
22851
13418
14011
21875
9612
6392
6738
12139
24815
34161
35453
35496
26495
22383
22783
29231
22333
14265
17167
18350
32561
7437
30986
31840
17593
27677
20069
20785
29472
22743
9701
25123
10610
27881
28178
33008
23183
22405
16873
8945
37759
27233
33233
26174
31749
26627
30928
29207
17783
34619
25087
13954
31692
20465
25147
20278
27895
13600
18974
36280
6772
36899
13357
28356
26912
24880
21331
32494
33613
31010
34191
29321
8470
28795
32489
29896
10992
36777
8362
29219
27266
35976
20684
25084
15799
16681
26032
21379
32785
16338
31247
16855
7744
26693
15667
29550
34803
25157
37735
26806
29678
8535
6828
7676
10844
21958
26541
9358
18791
28393
36597
22300
14343
37544
20064
11620
15127
11837
27343
29455
24750
33848
38432
26069
13740
23494
29022
32488
31123
13618
32564
27536
17561
10156
6824
30994
21499
19530
17926
30679
28819
23116
26137
22986
9133
22692
15777
36866
11799
34998
15618
27553
30071
28252
31290
34300
23521
6445
25877
29692
13737
37631
35748
18628
20854
6058
33515
11155
18072
31247
18394
34028
32156
23129
11391
34549
10013
37251
9593
38174
38109
30235
35760
20226
10516
24133
9795
17042
20487
33538
37058
35184
14301
10418
20894
21913
15022
12504
13533
12615
11998
31006
16146
30230
37289
11161
19597
16229
16382
25677
12495
23551
12689
20468
27201
33531
27180
10235
15909
20448
38213
12238
20684
18957
32726
5973
36361
31576
25705
26302
30183
23030
15730
22398
8599
35227
37346
16018
38060
14305
28665
27659
11915
6126
35420
9161
20508
16721
11111
37767
35270
30254
29380
27160
26011
38043
37181
29679
8655
14153
30414
24805
28527
18791
9983
38711
35151
37315
10097
14286
14149
31027
15542
14276
37268
36915
26981
13091
6315
6095
25454
23792
29968
37316
29612
12392
29591
7138
29625
18313
37335
6836
24070
31444
11998
30563
9259
11858
13348
29912
16251
28629
19134
24609
12252
19072
28884
8214
23766
29577
33621
26684
36073
13374
36841
37609
26404
13638
33576
26281
13043
36650
34569
19169
19001
17428
9629
12210
29086
34518
33789
11552
35627
29485
18817
7540
22292
6983
34610
14046
14036
36484
13186
26719
9855
15738
36411
32230
24660
24379
32950
20410
24210
15322
20045
33047
12174
32811
10514
37404
20481
32459
32450
18661
32678
33376
37364
13812
17413
38178
13206
22485
36233
24987
12442
8705
13017
37034
18413
27396
13925
18638
15529
34267
35391
12961
22667
35488
17965
9891
29351
37481
33788
26681
20058
27245
22039
37366
26241
33384
35928
38680
30952
6721
15133
32342
26118
29418
14495
14809
14567
34441
33919
16520
27497
35797
19874
19592
15019
18626
35391
25347
8131
30816
22070
35113
16559
18432
35748
19061
28046
12186
18868
29746
32273
10603
23992
10813
9004
36066
17016
14604
33041
37053
10697
18671
9566
14448
17506
22166
11669
12486
15340
38100
12750
24522
37720
7074
18344
11240
24949
34919
12677
15952
6594
29559
36343
17563
22401
24281
7029
30129
24332
33357
25683
24042
18796
6285
26353
13939
36392
37332
36402
19444
24411
20381
36399
14447
35849
19885
31021
29804
23731
23635
8397
33619
7721
20463
38787
16153
20128
18865
26185
34590
8452
32163
19093
22102
19088
6634
37000
33960
20123
13129
23912
14227
15541
23270
32336
17943
38130
16721
36646
37843
18054
35522
36302
10091
31890
14498
11677
32812
11582
19533
32529
28403
7944
34583
16319
30282
22620
27533
26252
30165
11620
25597
16416
9453
24609
12856
12184
8330
34491
35990
26491
36966
11285
35899
12016
10079
24229
20633
34606
33565
8579
31798
17715
12022
29631
28335
29625
19982
25080
24574
37222
12483
22058
16632
32579
22856
6600
34073
13167
13199
15883
14724
33813
33901
24201
36166
7835
21497
29193
11995
32540
22325
7574
8947
31769
7408
15826
30838
14955
33258
6797
32197
7548
12346
30870
23363
34743
11757
32209
14100
32573
16112
7050
17956
35546
7728
29449
28267
23351
20991
26727
24176
37969
8122
22432
15884
19241
25256
8168
23665
35774
18982
31043
32618
31544
17153
18512
14309
27238
36900
25701
24494
27754
22131
33761
9341
17843
8182
17086
17459
18220
6714
30566
24161
27059
37876
18888
32522
15821
32232
16554
18090
33688
29449
14657
21366
32513
35810
31999
20454
23606
33076
27052
19057
14431
25057
24504
14999
8841
24584
27344
22309
10466
31090
22703
8629
17964
32557
12855
19316
17260
16502
19136
22312
25058
23773
22960
7281
24894
33187
21067
36942
13841
38503
28109
30436
33922
7425
7094
25211
13122
18607
19558
9162
10946
36975
18921
36724
38051
16555
37652
15570
12142
20507
27857
8691
35461
31720
7607
12513
15961
28429
34782
23078
29918
30979
38129
39055
22076
38813
10372
27184
11720
22577
36008
23208
23346
21496
36029
33447
25599
19383
12936
8365
14650
9887
22918
12052
34151
22642
35967
6992
38585
29416
24925
33398
14725
26193
18239
38651
38645
13691
31434
37822
27649
8406
38079
24649
11419
36054
26323
19028
26410
10137
6843
30859
31802
37322
18310
31378
32370
36549
28975
6725
20166
32764
9843
21060
18670
12185
12512
36271
37910
11877
35631
38190
27607
18664
37331
19765
30054
22482
8658
10630
29963
28569
6612
31223
30677
13156
29049
29813
17805
20264
23280
8265
12008
23824
8902
34458
35840
14883
16891
19507
32517
36385
22107
39047
20272
35501
29963
28146
28665
9649
35683
22338
34954
21247
16891
36470
36723
33076
38409
32966
20127
24034
7402
21475
25479
9454
9726
20607
36773
32566
11961
22032
27948
13431
23799
15313
23542
13423
29584
17162
15038
15166
29997
32402
16527
38162
26970
21394
35452
17667
30684
30603
12690
37692
20036
36763
32011
18012
33732
21756
33988
35868
28482
25293
22514
21809
9131
37141
31760
10356
34442
33029
22556
12608
13529
15997
24578
36123
10774
6866
37977
7321
23962
9423
10829
23422
18983
25081
28636
33827
37824
11543
16454
33307
16317
24050
7358
30741
13086
7770
15718
23812
27424
36969
11898
29822
9230
10764
19915
9826
25178
27070
15472
31166
37356
18583
39096
14064
12218
36230
37987
29963
12697
26075
15121
38524
8274
26376
31994
30957
38905
23976
20960
23657
8826
36288
34882
17857
8309
18501
38099
24623
13388
31199
30250
8762
25466
38637
32955
14809
25126
35017
9990
33755
15607
32845
37390
37510
21803
20886
7693
34687
25315
15623
36710
17642
29121
18833
37851
14801
35765
37938
25600
19914
34324
14524
39151
12244
9451
14296
35390
35971
34962
32330
18478
28509
39300
29047
34341
21379
26221
9508
35167
10132
10373
7808
28640
18638
25117
18533
25517
14710
19319
31963
36411
38522
33243
18398
24616
36950
11495
18273
33065
27444
36391
19602
31812
19031
12006
8800
31807
19129
8259
7482
11352
12531
33159
22554
37174
11870
16565
17091
28192
33144
18787
25927
35437
30089
38345
31947
27451
34182
22040
21902
21860
9781
8717
34344
11182
31634
26821
28688
32066
32114
37587
10593
22624
20326
35472
13278
13648
20450
7858
9523
36252
8862
29472
9342
29564
14909
29701
24845
15762
9517
32547
26217
6871
8654
14187
29076
8918
15830
14026
11152
13848
34036
37445
27936
17119
33459
25672
28627
16919
7074
20795
36925
32905
33202
14935
34184
34898
18399
37560
12844
16019
22802
35507
29178
35179
22086
34153
35167
37410
8170
35996
39399
30631
36487
14018
16384
34109
7843
13144
15873
16753
37861
29049
22634
26959
22394
38063
18285
11221
38326
11273
25006
14760
24319
24430
25672
32006
20455
34608
31760
36348
33944
25060
29725
14041
23413
23666
11656
7394
19198
8296
17520
24903
20212
23700
34369
20054
12478
31697
7478
25839
12044
15905
38173
24120
18618
26620
7515
30097
12023
31720
11311
36555
8870
12874
26427
35988
16644
9084
30016
27446
33676
22559
7465
29570
30488
13235
22091
39430
28232
28005
11755
24199
13095
35623
9728
16299
31756
37638
28987
38645
10175
26296
12357
28918
34013
32117
37960
13762
10366
28681
35504
13730
38932
35622
22067
28168
19095
23550
14606
39624
17631
27409
38034
26500
21841
39236
8672
21864
12989
21300
10225
10520
33415
36553
21209
29927
35333
18190
36940
37706
36649
27200
38241
9612
11360
28197
29078
27331
7097
32414
21268
33538
15690
31360
24629
29392
23760
12960
19012
31449
31381
7981
32132
38884
7063
32579
37491
16133
25830
38588
25679
10772
34382
32330
28890
18525
14390
14787
25947
10137
20680
35003
31973
26910
13394
9560
37851
38738
9452
25954
38068
28517
13660
29082
8700
29504
25398
34637
8603
22456
7240
30760
36186
8968
13108
23630
11427
36734
34655
10920
7048
34420
25610
11132
17160
18306
23231
31042
9869
36850
7407
33715
10936
22132
39129
18722
14689
28435
23981
14863
26330
11112
35570
31482
31860
19214
20261
30837
35909
20566
14755
33149
29224
36155
25545
23562
26116
31896
13657
34789
33618
15256
18463
9146
27097
14190
11989
10350
23484
25415
9029
28338
31927
35453
24493
13017
38566
37646
10087
35558
34631
17484
17097
33514
15168
26070
29259
21389
23140
19142
7399
26346
35122
7468
15814
8096
25502
32188
21784
38437
38165
19395
24644
16478
12731
10592
7489
14189
13559
36848
7491
36811
18737
35018
27291
30614
15578
24109
17880
36652
18605
22646
15923
12280
35637
23446
10538
38284
23952
30916
15722
7408
25970
18543
21746
36410
34925
8311
39542
9311
9327
31388
9729
18249
12684
7991
19679
11306
12541
26664
10426
20495
36201
12303
39427
32952
20580
16831
18836
26535
20790
23535
28051
19319
16605
7475
21913
31599
14165
27691
33299
39255
9750
12282
19177
13706
21471
27898
22878
29005
17842
39343
31032
39775
14623
16377
34080
31442
37830
16013
29259
15384
27672
16037
16218
13409
36701
12791
19071
28453
10491
27876
21218
14844
28405
12531
10563
8886
30642
15229
21472
39848
7424
11434
10649
14916
36952
23196
10322
17389
33892
25833
35481
32009
36798
7247
24712
28247
11515
37539
12269
38018
31720
26379
24489
11767
10259
8813
29270
39668
39053
14375
21549
33762
19695
32513
16422
14821
35739
13919
32864
34225
17732
27580
36292
22687
20913
21587
21222
37888
27069
28447
38443
23217
33443
33542
20273
8432
28280
19794
27499
28269
26105
29792
17932
34468
24455
37532
22311
27499
22384
28077
24084
28103
28016
11756
35605
16644
31608
10779
27705
17413
35245
39764
8577
29912
17332
19775
40002
17037
21293
7816
28106
12617
17277
26000
26950
33942
21201
36195
7396
25597
21600
32491
26164
11735
34800
10851
9684
27744
35483
17677
22092
8461
17619
36648
35383
23072
31140
13853
38308
18041
23353
9977
26299
15279
18594
25887
20900
25183
39124
14655
21412
31940
38641
19586
37257
31624
37834
33799
38217
21722
12451
12435
36582
20929
18230
26244
40084
17840
37626
37383
24094
25690
32676
39819
22406
10695
16622
12406
26348
34984
38808
33814
20912
21224
26541
40154
11483
36995
33800
33218
9403
14491
21270
23572
26574
32969
12510
24913
14562
14001
12862
39271
27769
22489
11639
21800
21874
23483
11244
26875
25830
25624
10534
32721
33105
18320
17180
39515
22770
10864
16305
36475
13172
39371
35711
39672
34509
23756
38355
25461
21351
28746
11768
26788
35709
24733
17849
20663
35273
30128
15649
37911
23388
25944
39813
25177
24781
32740
22981
21358
35477
35574
8654
14617
13498
16017
10083
9382
26027
39026
32286
29914
29803
31140
37041
32806
23026
16975
7538
12063
12753
24529
23575
39731
11796
33039
12477
34196
33388
25869
36912
14969
35470
30653
31078
13446
12246
12565
10316
38024
21040
27236
26054
16742
14392
7654
39152
17493
19104
17558
32171
13642
7890
17987
9301
19381
38103
12262
7895
26476
35960
9267
32485
9701
30115
14958
35201
22441
16400
16256
17345
27141
28195
36170
15571
39171
20245
27705
14654
32153
9295
13083
9066
19487
13846
39217
25955
22278
39789
28293
36826
10696
14647
11901
29293
20507
15517
8369
35112
40298
38063
31738
25419
34949
12110
16331
26445
28568
32073
14277
38946
22618
33222
23941
16314
32902
28900
36033
8906
21135
8606
15763
8654
37520
22259
14612
27471
22401
9283
31789
9057
9393
28925
15530
9329
14192
24439
17552
15677
23820
39709
38833
36900
25856
20942
38781
30624
33639
23683
39195
37905
14263
23346
8633
26300
35755
18418
15648
7699
16001
17759
8843
30519
12390
11328
39865
22715
8751
40039
25153
35499
40265
38105
26406
12236
38899
22319
14507
25638
10666
39484
31336
9408
25573
20464
9118
25771
8963
33404
30664
29505
27522
36023
28018
38831
10097
12737
30542
34225
22568
22502
25477
36765
36918
27333
17739
14755
18843
10417
40118
37459
27704
24407
12496
29791
39043
23457
20459
38307
35455
37083
27188
34658
10476
15125
14987
35795
38074
32968
29074
25820
19652
22460
38660
32797
14779
12584
38217
9264
13920
12572
9031
33583
26615
29980
32890
22135
31480
11789
14151
26540
38919
37206
22925
11006
9510
25919
27518
20138
10026
11420
28845
25539
22379
13744
20327
33842
16832
36940
32327
39420
32427
12087
12293
11203
24016
14546
29071
21136
38060
19196
28251
15567
17795
13876
20219
25243
29338
29693
26098
20284
12711
23687
7878
9198
13190
24459
25430
14308
29741
17527
27502
31117
9954
13771
10905
29974
12972
39875
20534
9264
21255
35382
36302
27411
12507
17854
38821
26307
34735
9241
37775
28818
11034
19407
27141
31462
32891
38677
11640
11068
16618
40434
35813
21869
38767
11168
32426
15408
28529
9013
11416
15073
34673
38787
12873
15489
39928
39484
17588
9213
16077
34394
25086
35251
11884
18877
33940
29234
16820
29206
35958
25153
15328
33029
21206
29732
40120
19326
39905
21018
16648
26737
23261
14890
26450
29354
31860
28447
27840
8694
11087
15058
22108
32647
17127
26023
31363
14745
25752
18266
24215
23126
25336
21756
40181
26103
30566
20536
26407
9261
30182
31707
30810
39103
29484
31124
35858
28532
37110
13559
11548
24371
25759
32712
28869
18537
11249
17271
29257
37547
17468
27623
8846
36253
38820
28531
16402
22802
29887
38963
35618
39028
33888
29307
35406
30055
20909
33957
29465
13737
39032
13329
35573
26684
19916
31593
37998
28104
38597
22058
40101
24635
8613
34144
15616
40370
38181
37297
9504
31388
35337
11932
33043
24348
17143
25347
36811
21424
38537
39655
32207
16657
16289
34420
22577
26458
34813
27197
11200
20587
33035
17608
9342
16784
16126
27981
16725
28766
18977
36795
28677
32478
14955
10748
9569
33518
12628
28282
17851
40163
9704
12258
29085
24947
14106
14888
35514
39635
30810
15563
34083
9500
27754
10842
22718
27123
8813
12599
9973
16233
10561
12699
26795
11808
19726
21722
14452
25264
21279
10728
36101
20040
10225
27420
30697
15001
13194
20789
15478
21743
18444
38811
21248
29857
24202
38375
11340
8364
38426
37540
18759
39067
10540
13143
31480
25770
19738
11710
24244
12586
12288
40534
27281
31015
35021
10271
40477
17481
28058
16803
11087
31736
25659
21301
11197
39875
24852
35447
13840
16643
10286
34591
26549
23995
17547
17658
14038
37571
35254
26417
8329
29990
21405
18635
34631
17096
30883
30323
21919
19020
8690
30075
14635
35380
32270
31778
35268
19274
33200
32530
12530
14911
10961
14381
9638
17555
31237
35465
20524
15540
38410
26553
27227
35178
19873
39503
12303
25714
27548
39326
29657
27754
37177
19141
27636
36333
35502
21225
19323
34814
20997
24257
31706
36778
13354
33624
35459
22249
19523
39950
40674
31430
18751
18912
35986
40127
12722
30698
21969
11119
39392
35114
12849
40554
32791
37767
28049
10601
17219
19474
13132
10919
26556
34955
39344
22666
40546
31271
33202
29318
16876
34192
40671
31039
15997
23598
15254
12781
38776
15013
36213
30981
32662
28831
11793
10262
14134
38347
35818
37616
9460
36902
26526
24588
23676
20345
12636
16424
34721
25122
23196
18738
26025
18200
28685
30823
21739
8490
36815
40892
39581
12167
36835
17021
23783
12163
26848
9524
33595
35736
14567
38092
28905
31659
29400
10486
19950
31377
36294
34252
21005
13522
18601
24756
17954
21677
22099
19592
12210
20316
34214
37108
23238
38809
14851
37151
13818
22880
18437
34189
13521
8951
35440
36164
11339
40748
17252
23085
23994
17630
40407
31934
9169
40894
25410
37590
30206
38487
14745
24040
13818
20812
32129
33884
31646
10209
36030
33330
21240
13757
38122
36073
8350
32239
14957
28319
8258
16174
11177
40057
12679
23909
29813
35909
26387
33903
9677
36190
35813
26654
9671
10448
37609
17795
15305
19645
9418
35177
11514
18176
16392
16419
31990
21263
40778
12936
9926
16166
23029
21563
25103
27810
29437
26416
18569
12203
18940
30827
28595
21013
8833
39435
19142
15752
13738
32392
26855
37087
33269
22841
25504
9423
19795
10265
37265
17353
36222
19146
20835
39201
10893
35546
33022
39791
20422
31046
29948
30262
16051
17724
33885
14019
22648
28709
31868
16472
20835
33507
37185
19338
17093
10327
40345
29928
36608
20775
18467
40669
19426
17598
24621
10968
10033
17300
34526
19881
31111
40623
30900
33583
31584
26730
35634
25904
20594
8821
13010
27016
23869
36125
9537
19334
39650
31693
27595
9363
23864
21205
31252
30740
16157
37483
40202
13970
10506
37615
22039
31768
9707
22132
30363
36317
31277
37755
36761
23331
12568
23809
35249
34143
37983
35773
31054
13210
16885
19619
33568
13591
21539
30892
25805
14134
20440
39385
30179
37528
19776
16758
13586
29572
36503
37788
13720
24970
31040
11257
33020
27238
9489
16339
16639
29735
30194
8523
17872
31376
29606
34783
15487
15294
21480
16947
10676
38923
27322
13585
31905
10547
29946
19374
20021
21685
28982
15663
41106
23932
31425
19307
12994
14527
23302
24307
15525
10790
17693
9296
10030
27438
28572
36491
38095
25038
32944
25331
20018
10843
32876
12826
26410
30889
17760
25121
12265
38003
36718
11829
18035
29948
17625
16218
23635
16375
34207
16999
33932
12196
35081
40786
40402
9277
31104
13742
11514
25744
17058
17010
15280
20973
34197
21244
36712
37698
10139
26966
19607
31621
12007
13751
23074
12114
25008
35149
39190
19926
23427
26169
17563
41195
36061
20700
36387
39044
22777
18001
18919
38220
17895
31802
16276
18058
29406
19904
29505
40776
18643
31189
31397
9908
39242
38588
12935
10182
40813
24268
26741
33827
38747
14961
19641
11842
24514
11123
16521
36557
22960
32123
21630
22858
31398
24531
35656
37882
17647
19565
13471
22273
39471
24615
29820
34504
39999
34893
19082
36256
36920
10591
11735
22696
30670
8981
37072
39920
21728
21921
24940
8670
19276
35892
22951
10705
38152
28867
13362
39429
31855
27915
39273
34999
20696
40147
22661
24713
35181
13681
16659
9255
35387
34447
12453
38187
16261
30767
10439
16958
33630
10733
33076
16512
33143
38788
35402
37931
36149
26260
13244
35955
40454
16803
35719
38576
26102
25697
10535
19646
13949
15664
22794
17060
10139
18403
40005
22389
13607
34246
20614
36212
18021
14047
37961
11643
21462
14452
15183
14750
40788
11470
26444
29451
12894
20540
39137
30516
38576
40794
19657
14385
32022
12946
31063
21599
18051
29412
32800
37198
9053
35811
26613
32218
15644
16128
29460
32663
40467
31755
26014
20339
19341
25335
36940
10646
17948
37598
29534
13453
25646
27204
36309
25512
15073
40096
11490
22688
35097
16665
20382
34941
22735
16013
29435
10167
19116
14551
23035
41372
16342
25426
9760
40689
22026
23705
21539
24540
27115
30609
28905
27906
37785
38314
39602
25580
20870
30305
8852
25263
21893
40970
25128
22220
10276
17868
39299
13141
38460
20205
26983
21073
40134
25423
15803
34146
18160
41275
15417
39333
12913
24670
35687
21210
11801
9745
34248
41413
9900
11998
11603
39379
22000
12607
29476
27137
26629
15784
10098
23802
35573
24520
9665
9343
40076
25869
37208
29708
27242
27750
13814
11961
14422
9036
24769
11358
32981
21507
17791
23034
9211
10525
17416
14678
30850
19009
41467
33765
29465
13866
36017
29935
22526
32242
30575
32494
10959
17809
10720
28729
20638
11681
37570
19167
38979
35428
13023
21462
40182
35847
13375
40277
14109
15400
33180
36990
28514
29847
29206
14912
10249
13145
23848
24444
28800
28659
10971
40038
14136
21989
13369
37679
19892
34932
34821
28129
29408
21420
26537
14218
22435
28326
36976
20636
20919
13063
9461
33428
12473
28105
19164
30426
27004
11582
20671
38120
35747
12369
28779
35759
13679
23312
33101
35382
31189
21607
12071
27525
27860
12590
35079
22977
18949
20583
31866
11416
26996
19648
37117
34528
30382
10080
30644
30586
40475
36831
17247
41341
9358
28054
23689
12176
40219
36378
34306
38552
12585
40195
34192
27540
11975
18674
17634
20676
20804
14802
32453
15889
30713
15453
19611
10409
16234
18146
10248
19946
12430
15174
13550
9601
31338
35402
26524
16083
27109
39947
23362
36252
37847
41423
27816
27093
25955
13566
27936
18140
36487
26479
33210
26063
31473
10469
33462
34616
19732
9690
28479
24560
36732
33659
18774
21821
36958
40179
28172
17470
39796
9708
15860
22665
34311
22099
10712
13842
16718
33628
30635
31311
26358
18887
21439
22681
29698
11617
33336
21974
9685
20941
17601
26453
11661
12420
18557
30969
11667
28699
12352
40602
13680
16581
36608
29864
12259
25112
26246
29713
30512
13844
32361
15717
33722
34145
10045
40761
26836
22744
15880
23497
37845
35909
33781
29153
33130
32363
40525
27901
23857
33353
21154
32943
16259
30108
21326
29505
32145
41125
12316
39835
16306
17196
16196
30312
20987
29381
37533
38517
25361
11858
19726
29785
9531
19145
27717
24923
34235
40248
23212
41360
28255
34310
23961
28996
17747
16763
13254
31131
40761
41346
30720
30840
22395
38062
39971
40862
33504
40572
36933
28438
28766
9432
27186
36560
11312
14050
41241
27533
14632
12529
12676
39675
29765
25048
15757
19234
22152
38249
32079
16640
35076
10296
37788
10864
32565
34978
39662
18257
35730
18701
32415
11747
41573
10096
29788
11892
16091
11799
10711
39485
40535
20896
31420
29063
17932
12362
17127
15634
34507
22127
41172
38582
29465
11342
15446
9547
31621
28942
25996
36807
9529
26368
40977
11174
36558
38181
28276
27279
14181
16880
29160
19252
15347
35660
12860
20858
32476
16353
41485
18906
28100
23955
13114
23558
22945
22860
36760
12496
38165
37884
18919
12104
19708
41182
39685
38181
20289
16636
32610
28263
13301
14325
18612
12346
40098
24062
30700
31516
32220
37671
29544
18498
10010
30688
28010
34360
31940
36539
36553
26825
39053
11123
14822
28702
17411
21294
31202
27434
33124
29183
29198
31045
38580
35247
24995
20246
20236
15805
36788
17079
26165
24739
13152
25364
21110
26203
11340
40596
24745
24610
40785
15612
22164
25980
19313
12432
36727
36472
11024
33403
18146
25397
13664
24176
34249
25765
21534
33170
26074
37521
24956
37009
40718
37597
16990
39190
37759
24078
28872
16994
19833
38153
35479
28978
41939
25629
14448
25317
30848
38724
33015
33760
17761
17318
23617
34098
27485
10847
39819
30068
30644
14466
31020
24819
21392
18526
25800
15634
37342
34816
24519
41705
20315
10489
32261
40242
22770
15713
24267
36198
35909
26139
12799
27683
9866
13915
40343
26833
30104
28774
38739
11397
40769
32665
34476
17445
29411
21421
17160
30158
31034
33081
16943
34162
13944
19320
35586
11462
21144
31565
16491
19035
39919
10116
22672
35850
38916
21083
21580
39062
38561
32833
35551
31885
31530
11229
24036
24175
12334
15186
27012
15890
31036
23234
34026
17221
38648
24593
9974
24500
29037
39915
33590
18444
15525
15368
29458
34911
19319
41646
32582
14281
33953
22392
40342
36692
11799
30039
30396
26649
33434
14806
18598
25768
17803
39330
14558
18858
18690
32329
11082
18885
39451
37186
28949
18624
18320
14382
25581
23016
30349
9821
16751
32178
14783
10132
23263
25249
24239
34829
27933
11626
9550
15808
13524
35927
38352
14049
37621
39401
26814
29098
21860
21185
13639
16730
30705
41664
23000
25726
29065
19822
21228
20591
25005
13720
29732
22044
12836
18494
14234
33801
33005
36524
38771
27032
26232
11238
9651
40840
27670
18761
22101
14779
18093
13936
12188
34364
10672
16469
21668
15744
17998
33720
40508
34796
19178
16069
13816
31896
30412
26097
26497
32083
38422
32805
39984
37863
31225
36382
13531
13470
16680
33044
13807
35332
33933
33945
31167
11759
15420
40901
23836
29629
28837
29072
39462
10205
35853
35967
17761
26769
24639
13699
41228
31729
13438
35358
15022
18228
28607
20935
34545
19243
13077
32400
28595
18958
30829
41222
34907
31355
35195
21336
23657
27580
25332
24508
35922
32585
22526
9743
11402
39821
35301
33979
39650
31725
34831
18654
15892
16903
11314
27049
25500
11319
34500
37638
12234
38240
28595
17277
21526
41449
36695
33112
32691
15877
29605
27397
15975
20792
34213
9917
14745
19223
29478
30051
36780
27983
24752
27823
13707
30440
30650
40075
38533
38091
42269
41917
26204
15234
39881
30663
22936
20032
28598
25611
14369
14113
23838
33843
32269
21682
36842
15824
32439
24756
32618
32065
15889
13341
12872
14807
29755
35936
32447
34103
28500
13806
39688
10751
18320
16381
37397
40364
39306
40328
28802
18875
15068
22423
15817
28686
40174
13504
38325
11922
21003
31214
30233
26143
26810
10337
38081
34975
37195
23798
20905
37491
16816
13481
39277
13074
19342
23128
19457
26867
39060
41418
31650
38062
33036
21487
38924
18270
28847
36969
23022
20553
19902
26700
33435
19907
22094
38434
17410
17743
26596
30515
25824
34568
25921
10755
30004
24639
11903
30235
9972
24934
24413
24844
40702
15148
18392
38066
21073
30442
21243
31414
17277
36414
20471
12630
13400
9717
20854
15721
40947
28719
38701
40349
37068
31165
13744
41732
10053
26318
28811
13007
25685
25291
31374
21849
35966
18303
36968
13927
14079
16251
41336
31406
23882
26553
31455
36501
32440
13439
10458
21053
11388
40326
33359
18110
37334
21852
37541
41140
19593
36871
21977
25595
10638
40171
31438
27830
39434
22510
40933
35222
29822
13785
15822
35673
22077
28673
13470
28048
14628
37672
12065
31910
37253
30110
20593
40222
34916
22699
24519
38940
42470
14642
26258
37159
32774
37774
29894
35117
16778
40640
32631
37575
40245
17100
36262
39871
33087
20064
10075
28624
40706
12215
15092
22700
39670
13501
27836
32580
30943
38516
33983
29251
38981
21398
28381
30171
21797
40572
33054
32965
41190
25150
31813
35459
10126
41756
31400
36585
21814
15900
16702
27355
20412
19445
9978
30296
14519
11052
34391
32696
19376
30077
27957
35889
11407
25724
32483
33184
31315
27004
15485
40326
31238
31920
10104
23889
28144
26512
29307
15326
27916
36478
13424
26683
20152
32170
20956
22961
32432
15667
36971
25858
19773
12431
35024
14063
36778
34092
27339
22525
42232
29783
18315
40313
13011
23646
22071
11194
11972
29937
26312
28070
34727
41678
30489
42360
33632
11934
40513
31424
42186
25369
16928
10666
11760
22129
19256
14212
37504
25326
19134
20603
28284
37589
18161
12965
21811
33679
41387
19013
35952
33799
19766
25418
34801
29268
17248
37912
14618
40088
29394
17803
34539
10536
38557
31801
33328
18925
11286
18168
10743
16138
31460
30369
21575
27838
25431
33555
36623
34956
26364
16762
36189
41370
40814
20433
29904
34904
38766
22949
40784
22881
14902
39452
42236
12198
19723
16183
16996
16841
10002
37460
28409
28359
39780
35319
14274
32218
18788
10441
12880
38302
18257
19937
39923
11890
23319
23107
31022
33825
13675
20390
18793
19138
25366
19579
41702
10972
26769
